  //x = [-1 ; 0 ; 1]
  //y = [ 0 ; 1 ; 0]
 F(x,y)=(x^2+y^2) +0.000000 x +0.000000 y -1.000000 
Centre = ( -0.000000 , -0.000000 )
Rayon = 1.000000


  x = [1 ; 2 ; 3]
  y = [4 ; 0 ; 1]
F(x,y)=(x^2+y^2) -2.200000 x -3.800000 y +0.400000 
Centre = ( 1.100000 , 1.900000 )
Rayon = 2.102380
